0.000000, 0.000000, 0.000000
0.068137, -0.189374, 0.000000
0.142070, -0.403357, 0.000000
0.209795, -0.611093, 0.000000
0.271079, -0.813890, 0.000000
0.325689, -1.013053, 0.000000
0.373392, -1.209886, 0.000000
0.413957, -1.405697, 0.000000
0.451277, -1.629902, 0.000000
0.478622, -1.856425, 0.000000
0.494092, -2.058066, 0.000000
0.501427, -2.264279, 0.000000
0.500393, -2.476369, 0.000000
0.490758, -2.695643, 0.000000
0.472290, -2.923406, 0.000000
0.449253, -3.126378, 0.000000
0.419408, -3.337368, 0.000000
0.382610, -3.557198, 0.000000
0.338711, -3.786690, 0.000000
0.296599, -3.985908, 0.000000
0.249369, -4.192883, 0.000000
0.196938, -4.408090, 0.000000
0.139220, -4.632006, 0.000000
0.076130, -4.865106, 0.000000
0.021733, -5.058519, 0.000000
-0.036199, -5.258357, 0.000000
-0.097710, -5.464865, 0.000000
-0.162843, -5.678287, 0.000000
-0.231642, -5.898865, 0.000000
-0.304150, -6.126843, 0.000000
-0.380410, -6.362466, 0.000000
-0.460467, -6.605976, 0.000000
-0.544362, -6.857618, 0.000000
-0.609830, -7.051832, 0.000000
-0.677499, -7.250859, 0.000000
-0.747390, -7.454803, 0.000000
-0.819519, -7.663767, 0.000000
-0.893917, -7.877813, 0.000000
-0.970736, -8.096556, 0.000000
-1.050210, -8.319318, 0.000000
-1.132575, -8.545417, 0.000000
-1.218066, -8.774172, 0.000000
-1.306918, -9.004898, 0.000000
-1.399367, -9.236916, 0.000000
-1.495647, -9.469542, 0.000000
-1.595995, -9.702094, 0.000000
-1.700644, -9.933890, 0.000000
-1.809831, -10.164248, 0.000000
-1.923791, -10.392486, 0.000000
-2.042758, -10.617921, 0.000000
-2.166969, -10.839871, 0.000000
-2.296658, -11.057655, 0.000000
-2.432061, -11.270589, 0.000000
-2.573413, -11.477993, 0.000000
-2.720949, -11.679183, 0.000000
-2.874905, -11.873477, 0.000000
-3.035515, -12.060194, 0.000000
-3.203015, -12.238651, 0.000000
-3.377641, -12.408165, 0.000000
-3.559627, -12.568056, 0.000000
-3.749208, -12.717640, 0.000000
-3.946620, -12.856235, 0.000000
-4.152099, -12.983160, 0.000000
-4.365879, -13.097732, 0.000000
-4.588196, -13.199268, 0.000000
-4.819284, -13.287087, 0.000000
-5.059380, -13.360507, 0.000000
-5.308719, -13.418845, 0.000000
-5.567535, -13.461420, 0.000000
-5.836063, -13.487548, 0.000000
-6.114534, -13.496557, 0.000000
-6.402761, -13.488294, 0.000000
-6.699922, -13.463418, 0.000000
-6.902558, -13.437962, 0.000000
-7.108514, -13.405661, 0.000000
-7.317529, -13.366730, 0.000000
-7.529344, -13.321383, 0.000000
-7.743696, -13.269837, 0.000000
-7.960328, -13.212306, 0.000000
-8.178977, -13.149006, 0.000000
-8.399383, -13.080152, 0.000000
-8.621287, -13.005960, 0.000000
-8.844428, -12.926644, 0.000000
-9.068545, -12.842421, 0.000000
-9.293379, -12.753505, 0.000000
-9.518668, -12.660112, 0.000000
-9.744154, -12.562457, 0.000000
-9.969574, -12.460756, 0.000000
-10.194669, -12.355223, 0.000000
-10.419179, -12.246075, 0.000000
-10.642843, -12.133526, 0.000000
-10.865402, -12.017791, 0.000000
-11.086593, -11.899087, 0.000000
-11.306158, -11.777628, 0.000000
-11.523836, -11.653629, 0.000000
-11.739366, -11.527307, 0.000000
-11.952489, -11.398876, 0.000000
-12.162943, -11.268551, 0.000000
-12.370469, -11.136549, 0.000000
-12.574807, -11.003083, 0.000000
-12.775695, -10.868371, 0.000000
-12.972874, -10.732626, 0.000000
-13.166083, -10.596064, 0.000000
-13.355062, -10.458901, 0.000000
-13.539550, -10.321352, 0.000000
-13.719288, -10.183632, 0.000000
-13.894014, -10.045957, 0.000000
-14.063469, -9.908541, 0.000000
-14.227393, -9.771601, 0.000000
-14.385524, -9.635351, 0.000000
-14.537603, -9.500007, 0.000000
-14.753803, -9.299160, 0.000000
-14.954921, -9.101562, 0.000000
-15.140078, -8.907940, 0.000000
-15.308395, -8.719021, 0.000000
-15.458994, -8.535531, 0.000000
-15.591003, -8.358191, 0.000000
-15.704017, -8.187367, 0.000000
-15.825706, -7.969406, 0.000000
-15.915070, -7.762145, 0.000000
-15.972999, -7.565030, 0.000000
-16.002560, -7.332063, 0.000000
-15.986129, -7.113006, 0.000000
-15.925444, -6.906780, 0.000000
-15.822241, -6.712303, 0.000000
-15.678256, -6.528497, 0.000000
-15.534873, -6.388410, 0.000000
-15.367391, -6.253907, 0.000000
-15.176699, -6.124436, 0.000000
-14.963686, -5.999445, 0.000000
-14.729241, -5.878380, 0.000000
-14.539877, -5.789825, 0.000000
-14.339334, -5.702934, 0.000000
-14.127985, -5.617474, 0.000000
-13.906206, -5.533212, 0.000000
-13.674373, -5.449915, 0.000000
-13.432860, -5.367349, 0.000000
-13.182043, -5.285280, 0.000000
-12.922296, -5.203477, 0.000000
-12.653996, -5.121704, 0.000000
-12.377515, -5.039730, 0.000000
-12.093231, -4.957321, 0.000000
-11.899558, -4.902025, 0.000000
-11.702695, -4.846362, 0.000000
-11.502752, -4.790265, 0.000000
-11.299840, -4.733662, 0.000000
-11.094072, -4.676487, 0.000000
-10.885557, -4.618668, 0.000000
-10.674408, -4.560138, 0.000000
-10.460735, -4.500828, 0.000000
-10.244649, -4.440667, 0.000000
-10.026263, -4.379587, 0.000000
-9.805685, -4.317519, 0.000000
-9.583029, -4.254393, 0.000000
-9.358405, -4.190141, 0.000000
-9.131923, -4.124694, 0.000000
-8.903697, -4.057982, 0.000000
-8.673835, -3.989936, 0.000000
-8.442451, -3.920488, 0.000000
-8.209654, -3.849567, 0.000000
-7.975556, -3.777105, 0.000000
-7.740268, -3.703034, 0.000000
-7.503901, -3.627282, 0.000000
-7.266567, -3.549783, 0.000000
-7.028376, -3.470465, 0.000000
-6.789440, -3.389261, 0.000000
-6.549869, -3.306102, 0.000000
-6.309776, -3.220917, 0.000000
-6.069270, -3.133638, 0.000000
-5.828464, -3.044197, 0.000000
-5.587468, -2.952522, 0.000000
-5.346394, -2.858547, 0.000000
-5.105353, -2.762201, 0.000000
-4.864455, -2.663416, 0.000000
-4.623812, -2.562122, 0.000000
-4.383536, -2.458250, 0.000000
-4.143736, -2.351731, 0.000000
-3.904525, -2.242496, 0.000000
-3.666014, -2.130476, 0.000000
-3.428313, -2.015601, 0.000000
-3.191535, -1.897804, 0.000000
-2.955789, -1.777013, 0.000000
-2.721187, -1.653162, 0.000000
-2.487841, -1.526179, 0.000000
-2.255861, -1.395996, 0.000000
-2.025359, -1.262545, 0.000000
-1.796445, -1.125756, 0.000000
-1.569231, -0.985559, 0.000000
-1.343829, -0.841886, 0.000000
-1.120348, -0.694668, 0.000000
-0.898901, -0.543835, 0.000000
-0.679599, -0.389318, 0.000000
-0.462552, -0.231049, 0.000000
-0.247871, -0.068958, 0.000000
-0.035669, 0.097024, 0.000000
